row1:
  joint_xyz: 0.0 0.0 2.0
  joint_rpy: 0.0 -0.0 0.0
  link_xyz: 0 0 -0.5
  link_rpy: 0 0 0
  link_len: 1.0
row2:
  joint_xyz: 0.0 -2.9999990463256836 0.002389180473983288
  joint_rpy: 0.785398006439209 -1.5696700811386108 0.785398006439209
  link_xyz: 0 0 -1.5
  link_rpy: 0 0 0
  link_len: 3.0
row3:
  joint_xyz: 0.0 -1.9999994039535522 0.0015927869826555252
  joint_rpy: 0.785398006439209 -1.5696700811386108 0.785398006439209
  link_xyz: 0 0 -1.0
  link_rpy: 0 0 0
  l_len: 2.0
